75
0.196000 0.168000
0.308000 0.268000
0.152000 0.152000
0.268000 0.244000
0.368000 0.336000
0.224000 0.192000
0.332000 0.332000
0.176000 0.156000
0.280000 0.248000
0.132000 0.120000
0.240000 0.236000
0.348000 0.312000
0.192000 0.168000
0.300000 0.296000
0.148000 0.148000
0.256000 0.224000
0.360000 0.336000
0.208000 0.220000
0.312000 0.300000
0.164000 0.144000
0.268000 0.264000
0.124000 0.132000
0.224000 0.212000
0.324000 0.312000
0.180000 0.192000
0.280000 0.292000
0.140000 0.128000
0.240000 0.232000
0.340000 0.372000
0.196000 0.200000
0.296000 0.288000
0.156000 0.160000
0.252000 0.284000
0.120000 0.116000
0.212000 0.208000
0.312000 0.336000
0.172000 0.192000
0.268000 0.268000
0.136000 0.132000
0.224000 0.260000
0.332000 0.348000
0.188000 0.184000
0.292000 0.300000
0.148000 0.176000
0.248000 0.252000
0.112000 0.108000
0.208000 0.228000
0.312000 0.340000
0.168000 0.168000
0.268000 0.268000
0.132000 0.152000
0.228000 0.248000
0.336000 0.336000
0.188000 0.196000
0.292000 0.336000
0.148000 0.160000
0.248000 0.248000
0.112000 0.124000
0.208000 0.236000
0.312000 0.316000
0.168000 0.168000
0.268000 0.300000
0.132000 0.144000
0.228000 0.228000
0.336000 0.340000
0.188000 0.224000
0.292000 0.296000
0.152000 0.148000
0.248000 0.268000
0.116000 0.132000
0.208000 0.208000
0.316000 0.316000
0.176000 0.192000
0.268000 0.296000
0.136000 0.128000
