0 0.784 0.41 0.196 0.168
0 0.8 0.588 0.308 0.268
0 0.794 0.746 0.152 0.152
0 0.808 0.292 0.268 0.244
0 0.182 0.462 0.368 0.336
0 0.198 0.638 0.224 0.192
0 0.192 0.812 0.332 0.332
0 0.214 0.348 0.176 0.156
0 0.21 0.518 0.28 0.248
0 0.228 0.682 0.132 0.12
0 0.226 0.232 0.24 0.236
0 0.22 0.39 0.348 0.312
0 0.242 0.574 0.192 0.168
0 0.236 0.746 0.3 0.296
0 0.256 0.288 0.148 0.148
0 0.254 0.45 0.256 0.224
0 0.246 0.638 0.36 0.336
0 0.27 0.788 0.208 0.22
0 0.266 0.324 0.312 0.3
0 0.284 0.506 0.164 0.144
0 0.28 0.682 0.268 0.264
0 0.3 0.228 0.124 0.132
0 0.298 0.384 0.224 0.212
0 0.292 0.566 0.324 0.312
0 0.312 0.726 0.18 0.192
0 0.31 0.264 0.28 0.292
0 0.328 0.442 0.14 0.128
0 0.326 0.618 0.24 0.232
0 0.32 0.796 0.34 0.372
0 0.34 0.322 0.196 0.2
0 0.338 0.494 0.296 0.288
0 0.356 0.662 0.156 0.16
0 0.352 0.204 0.252 0.284
0 0.37 0.38 0.12 0.116
0 0.368 0.55 0.212 0.208
0 0.366 0.73 0.312 0.336
0 0.384 0.262 0.172 0.192
0 0.384 0.424 0.268 0.268
0 0.398 0.6 0.136 0.132
0 0.398 0.772 0.224 0.26
0 0.4 0.296 0.332 0.348
0 0.412 0.482 0.188 0.184
0 0.416 0.664 0.292 0.3
0 0.428 0.202 0.148 0.176
0 0.43 0.356 0.248 0.252
0 0.442 0.536 0.112 0.108
0 0.446 0.708 0.208 0.228
0 0.45 0.236 0.312 0.34
0 0.458 0.414 0.168 0.168
0 0.464 0.596 0.268 0.268
0 0.472 0.75 0.132 0.152
0 0.476 0.298 0.228 0.248
0 0.482 0.466 0.336 0.336
0 0.492 0.644 0.188 0.196
0 0.496 0.818 0.292 0.336
0 0.504 0.354 0.148 0.16
0 0.51 0.526 0.248 0.248
0 0.514 0.688 0.112 0.124
0 0.522 0.236 0.208 0.236
0 0.53 0.396 0.312 0.316
0 0.534 0.578 0.168 0.168
0 0.544 0.752 0.268 0.3
0 0.548 0.294 0.132 0.144
0 0.556 0.456 0.228 0.228
0 0.566 0.644 0.336 0.34
0 0.568 0.794 0.188 0.224
0 0.576 0.33 0.292 0.296
0 0.578 0.512 0.152 0.148
0 0.59 0.688 0.248 0.268
0 0.588 0.232 0.116 0.132
0 0.602 0.39 0.208 0.208
0 0.612 0.572 0.316 0.316
0 0.61 0.73 0.176 0.192
0 0.624 0.27 0.268 0.296
0 0.618 0.446 0.136 0.128
